4861 77 1
6063 9 0
7802 4 0
8110 30 0
7346 100 1
8288 64 0
2565 92 1
5131 41 0
3819 72 1
4931 9 0
5348 20 0
2566 2 0
1984 90 1
7858 10 0
6106 52 0
2782 25 0
4775 80 1
7643 9 0
3523 96 1
6938 88 1
1463 44 1
3740 16 0
8463 81 1
5525 47 0
1117 14 0
6590 56 0
6766 29 0
4258 100 1
3016 55 1
4409 98 1
7321 70 1
3013 14 0
6132 21 0
2452 80 1
161 94 1
7484 3 0
2401 73 1
6824 75 1
2643 71 1
8362 100 1
3955 61 1
8409 54 0
4376 86 1
8327 88 1
1658 56 1
8784 32 0
3017 35 0
2364 21 0
567 68 1
1155 56 1
114 58 1
7152 75 1
4680 55 1
8783 99 1
2131 61 1
6176 72 1
3575 43 0
1255 10 0
8813 36 0
2073 58 1
7245 85 1
8217 57 0
2007 2 0
1429 41 1
2201 18 0
7237 87 1
2434 77 1
3732 15 0
7991 58 0
3437 63 1
7770 26 0
2583 35 0
1170 57 1
8741 67 0
5669 4 0
1711 27 0
732 58 1
7472 89 1
1956 0 0
1749 65 1
6931 1 0
1394 94 1
140 91 1
1120 9 0
2686 28 0
8559 39 0
8365 71 1
4838 64 1
6797 6 0
1501 77 1
6970 28 0
4104 31 0
3170 11 0
8124 90 1
1065 97 1
6026 17 0
4494 72 1
6324 73 1
2199 66 1
4748 98 1
4560 96 1
386 69 1
2041 72 1
7528 62 0
1452 57 1
8759 51 0
4995 55 1
7632 60 0
3054 55 1
1279 2 0
8575 86 1
2483 28 0
8527 91 1
5003 63 1
548 5 0
2003 65 1
2060 43 1
3091 42 0
1537 28 0
1610 85 1
602 54 1
2644 14 0
3121 33 0
5770 82 1
7279 80 1
7737 74 1
159 28 0
715 45 1
8282 61 0
7038 72 1
4889 93 1
5964 26 0
3054 28 0
3271 23 0
6187 45 0
8389 52 0
8718 91 1
6050 35 0
3427 88 1
5378 78 1
7918 88 1
4178 44 0
8045 25 0
7606 69 1
870 21 0
4659 51 0
8180 12 0
3639 89 1
7319 32 0
6853 1 0
4627 76 1
7907 51 0
918 3 0
455 12 0
1381 4 0
1644 75 1
6454 6 0
5118 34 0
7237 66 1
8043 44 0
251 46 1
5112 44 0
3896 99 1
8611 99 1
6933 8 0
5348 95 1
4063 78 1
4149 49 1
5105 40 0
6104 78 1
6405 85 1
5425 22 0
4409 81 1
7074 85 1
2187 32 0
2703 18 0
454 41 1
3032 65 1
1108 98 1
4571 29 0
6943 30 0
2931 40 0
6496 54 0
4424 92 1
4351 57 1
264 15 0
2212 62 1
7578 60 0
8646 7 0
276 19 0
8500 91 1
3445 29 0
3883 29 0
3056 72 1
8365 90 1
1894 71 1
2864 2 0
1001 10 0
4535 23 0
3712 51 1
2685 45 1
8209 17 0
2449 92 1
1825 43 1
6291 38 0
6186 93 1
2175 48 1
8558 71 1
2158 16 0
6911 71 1
2284 85 1
2442 59 1
3826 29 0
5623 33 0
3598 97 1
7341 20 0
3066 57 1
2999 6 0
6313 42 0
6896 93 1
2255 95 1
33 88 1
746 40 1
7101 63 1
7918 64 0
3178 63 1
302 4 0
7405 7 0
8755 7 0
3692 64 1
1782 23 0
1778 28 0
1800 80 1
1997 35 0
7983 29 0
716 78 1
7936 56 0
3425 2 0
8050 4 0
8023 58 0
7509 26 0
3978 89 1
6167 71 1
8496 91 1
3225 45 1
3463 81 1
8074 27 0
7455 81 1
407 32 0
7729 91 1
4157 77 1
4188 31 0
4568 23 0
3472 38 0
5801 42 0
2951 100 1
6734 76 1
6812 81 1
4986 21 0
7865 20 0
7645 18 0
4367 73 1
6637 10 0
5109 17 0
8013 91 1
3243 99 1
6 21 0
2593 3 0
537 60 1
4062 84 1
8936 84 1
441 80 1
823 99 1
5403 4 0
1769 87 1
3706 45 0
4047 96 1
740 97 1
7208 77 1
4136 23 0
8144 70 1
5067 8 0
5882 97 1
1178 89 1
2367 6 0
4917 30 0
8652 37 0
5661 52 0
822 53 1
5152 1 0
8991 75 1
7502 68 1
1496 96 1
7703 48 0
1377 24 0
6536 41 0
5482 26 0
1659 5 0
6444 78 1
3699 12 0
6227 68 1
194 78 1
8018 75 1
3917 83 1
3582 24 0
8845 86 1
6531 84 1
8145 82 1
4225 74 1
5436 4 0
1212 28 0
2476 58 1
321 18 0
1705 21 0
5021 63 1
7532 44 0
2217 51 1
5891 95 1
4539 26 0
3561 54 1
6967 2 0
5277 39 0
916 39 1
7412 32 0
3318 70 1
3483 44 0
3174 17 0
3622 22 0
7217 51 0
2733 11 0
1242 35 0
974 82 1
8978 67 0
8594 78 1
6504 96 1
2398 49 1
5930 88 1
6521 16 0
1617 13 0
5353 34 0
7015 91 1
535 20 0
5015 71 1
4008 35 0
1743 30 0
8701 21 0
538 73 1
2053 55 1
1464 54 1
172 4 0
5447 6 0
4325 0 0
2809 36 0
1095 50 1
39 81 1
4012 33 0
2432 23 0
8214 57 0
2120 8 0
3811 61 1
3933 9 0
428 87 1
8504 19 0
3287 86 1
3310 86 1
2002 3 0
8289 41 0
1021 45 1
5900 81 1
7997 5 0
5072 65 1
4394 66 1
1957 33 0
2088 16 0
7958 33 0
5417 46 0
6952 54 0
2792 4 0
4332 51 1
453 39 1
7587 55 0
6060 56 0
608 73 1
5752 29 0
704 55 1
5180 44 0
1224 70 1
3751 60 1
6623 12 0
7301 48 0
2714 58 1
2050 58 1
6772 49 0
6881 55 0
5350 48 0
847 94 1
6354 48 0
6914 40 0
3844 41 0
610 14 0
1624 25 0
5149 39 0
8039 100 1
8311 20 0
5848 85 1
2843 6 0
1680 2 0
2221 4 0
332 17 0
6351 23 0
102 42 1
7114 11 0
5530 89 1
122 49 1
6915 91 1
6116 64 1
7165 17 0
3368 7 0
7497 29 0
7390 31 0
8197 85 1
3342 87 1
3421 63 1
6624 58 0
4105 70 1
972 59 1
6324 52 0
3309 35 0
7495 57 0
6413 15 0
7265 40 0
3709 62 1
8350 19 0
6239 37 0
751 84 1
6799 94 1
4819 75 1
6723 45 0
7255 79 1
3664 21 0
8065 53 0
51 79 1
6909 21 0
5896 1 0
7024 88 1
8322 23 0
8737 63 0
8201 14 0
8340 58 0
1940 61 1
211 68 1
3336 63 1
1875 25 0
1029 96 1
5798 54 0
892 68 1
7908 41 0
4293 31 0
5383 51 0
5430 63 1
8543 64 0
2254 4 0
8313 59 0
5375 32 0
6627 98 1
8876 65 0
4487 55 1
5910 63 1
8080 19 0
3279 20 0
7798 65 1
8068 7 0
8119 83 1
8468 78 1
2 26 0
1895 58 1
2423 2 0
5290 10 0
1281 12 0
8907 63 0
5384 23 0
1047 21 0
7726 66 1
5137 77 1
6753 28 0
5563 50 0
5768 15 0
981 44 1
1856 45 1
8220 5 0
877 21 0
5273 47 0
1255 7 0
6078 38 0
4684 24 0
3153 1 0
7594 36 0
2900 27 0
7742 87 1
5075 73 1
6108 1 0
6632 26 0
794 50 1
5822 97 1
5082 100 1
8283 36 0
8500 27 0
6986 86 1
5229 20 0
6135 96 1
8217 84 1
1618 32 0
6504 9 0
6538 67 1
7074 87 1
3592 61 1
7737 44 0
5287 5 0
742 85 1
4816 83 1
8894 36 0
1143 42 1
4663 64 1
6833 70 1
3676 62 1
6841 70 1
6569 37 0
4901 67 1
8710 68 0
6593 20 0
3335 44 0
7551 20 0
7036 93 1
2997 30 0
1315 98 1
374 58 1
3323 60 1
8783 91 1
4287 24 0
2502 44 1
2867 58 1
7113 69 1
4973 87 1
3860 1 0
6598 53 0
1588 99 1
1110 21 0
7221 82 1
6159 4 0
3264 27 0
1629 80 1
4652 91 1
7613 78 1
8541 40 0
6779 29 0
819 98 1
2851 31 0
7319 59 0
863 100 1
2296 63 1
8472 16 0
4808 87 1
2509 99 1
8074 51 0
8756 4 0
1333 12 0
263 60 1
2056 16 0
3697 71 1
4261 97 1
158 95 1
3809 65 1
2402 78 1
6615 77 1
796 30 0
6029 1 0
8579 5 0
8914 80 1
4084 61 1
8881 10 0
3536 69 1
8185 43 0
4195 11 0
4283 15 0
5872 14 0
3262 32 0
1470 61 1
8508 24 0
1565 85 1
8366 44 0
7593 78 1
7467 46 0
1388 100 1
3473 14 0
1753 48 1
1975 65 1
8819 88 1
1459 88 1
3239 43 0
8178 23 0
1660 30 0
7352 6 0
2928 53 1
4057 51 1
975 71 1
998 84 1
7490 19 0
844 41 1
3921 43 0
3375 78 1
414 83 1
7090 32 0
5714 30 0
1200 33 0
3890 2 0
7665 85 1
1557 3 0
1051 63 1
7757 24 0
3328 88 1
5868 6 0
4611 66 1
3255 67 1
3014 48 1
5546 36 0
5669 87 1
1469 2 0
486 9 0
6359 33 0
3030 85 1
385 33 1
1447 46 1
2747 67 1
161 62 1
2281 22 0
15 76 1
6817 47 0
5496 12 0
7933 74 1
6680 50 0
1899 71 1
2938 27 0
6245 36 0
851 12 0
7869 74 1
8771 26 0
8942 62 0
4207 53 1
1678 12 0
3653 85 1
844 13 0
1422 61 1
599 68 1
3710 37 0
5640 39 0
3763 25 0
528 22 0
946 41 1
7827 13 0
3467 12 0
1552 89 1
2633 15 0
1853 37 0
1339 9 0
6772 30 0
7884 1 0
2204 99 1
8807 37 0
8061 10 0
8744 51 0
4417 19 0
7193 61 0
7628 80 1
2547 55 1
5000 28 0
8427 85 1
7982 0 0
3051 31 0
6699 80 1
2269 74 1
5272 80 1
3339 15 0
876 50 1
5667 57 1
2112 25 0
506 14 0
6060 86 1
7358 17 0
7781 30 0
3255 46 1
3062 30 0
6446 95 1
5354 87 1
7586 12 0
6879 39 0
3213 53 1
3071 56 1
5560 48 0
3912 86 1
8515 79 1
1159 67 1
1979 8 0
1791 25 0
7826 77 1
3848 60 1
6317 92 1
7575 83 1
6373 24 0
931 18 0
4173 85 1
3054 36 0
6646 9 0
580 35 1
3699 23 0
2248 25 0
4134 96 1
5863 0 0
950 84 1
7006 9 0
1418 23 0
3376 33 0
7093 2 0
5034 58 1
2862 53 1
2105 98 1
7070 24 0
712 64 1
6087 48 0
7286 87 1
7744 1 0
6086 79 1
88 56 1
3710 70 1
2741 59 1
950 11 0
8298 71 1
1594 86 1
2461 34 0
2509 97 1
1515 52 1
1052 91 1
6941 98 1
2810 15 0
642 66 1
8645 29 0
402 9 0
1171 30 0
137 8 0
5913 51 0
535 21 0
6935 48 0
3196 57 1
7509 2 0
1000 33 0
3174 25 0
8217 63 0
841 26 0
6456 58 0
7724 48 0
5716 77 1
1431 59 1
8669 6 0
3940 94 1
2141 8 0
2094 35 0
8125 41 0
2125 72 1
5716 65 1
1411 18 0
1029 80 1
4032 70 1
4829 43 0
4383 81 1
6829 64 1
5935 97 1
6310 95 1
2189 41 1
4851 65 1
5744 70 1
8976 49 0
4868 69 1
1120 81 1
3835 77 1
6276 16 0
7919 83 1
3679 48 1
7237 31 0
4633 31 0
6282 80 1
6639 94 1
1887 66 1
1733 93 1
5054 25 0
2001 62 1
858 66 1
545 100 1
1541 95 1
8431 19 0
7031 18 0
4299 69 1
3316 12 0
8611 3 0
6936 86 1
5005 36 0
4248 70 1
3252 4 0
7037 90 1
2811 91 1
6869 7 0
4123 98 1
4427 41 0
2174 93 1
5373 96 1
3486 46 0
8111 46 0
3268 44 0
790 89 1
4144 94 1
6660 67 1
1802 15 0
507 100 1
6927 9 0
1390 87 1
3855 8 0
490 89 1
8256 74 1
6812 48 0
3892 76 1
8568 72 1
3562 67 1
5141 30 0
4577 38 0
3025 16 0
5045 59 1
6629 46 0
1540 29 0
2301 23 0
5399 86 1
2473 52 1
7606 99 1
2310 1 0
6318 49 0
654 84 1
6830 14 0
25 30 0
4866 32 0
8886 10 0
925 17 0
3788 24 0
3158 36 0
7263 30 0
3949 17 0
7648 16 0
5793 99 1
2846 78 1
1558 96 1
5081 49 0
8733 91 1
2531 33 0
567 47 1
7277 39 0
2796 77 1
6937 40 0
1123 63 1
7972 52 0
3392 7 0
1846 85 1
3039 67 1
7177 89 1
6612 81 1
7267 87 1
535 74 1
6497 3 0
52 86 1
2567 72 1
7510 8 0
2918 67 1
572 94 1
5030 87 1
2713 4 0
1324 57 1
6775 26 0
4385 57 1
3481 36 0
3360 97 1
7405 30 0
6076 3 0
3074 36 0
5882 16 0
3017 4 0
8427 92 1
2674 99 1
925 95 1
7187 12 0
5599 21 0
4294 0 0
326 44 1
1720 25 0
840 20 0
6967 68 1
850 56 1
3879 88 1
7213 81 1
3237 39 0
8580 71 1
8613 90 1
1852 1 0
1876 18 0
6410 75 1
804 98 1
6615 79 1
6828 44 0
946 61 1
8363 17 0
5369 71 1
8750 37 0
6189 11 0
1585 53 1
7826 86 1
153 40 1
609 8 0
7091 32 0
1474 70 1
7520 71 1
3754 40 0
7335 41 0
1096 61 1
6357 41 0
860 81 1
5659 97 1
6438 22 0
6556 45 0
8219 73 1
1821 1 0
6123 0 0
5345 88 1
5015 72 1
4670 92 1
7680 52 0
4588 55 1
1436 80 1
5070 78 1
2548 36 0
8163 27 0
8532 77 1
5213 96 1
5304 22 0
4676 83 1
7866 37 0
1898 10 0
2602 4 0
3802 51 1
1460 3 0
2811 64 1
4405 95 1
1413 52 1
4340 51 1
88 16 0
1211 29 0
4625 59 1
7850 55 0
5361 7 0
3676 6 0
2948 25 0
4924 48 0
2555 40 0
1740 66 1
2292 63 1
5916 44 0
6860 48 0
5999 72 1
2321 67 1
4264 63 1
2682 50 1
7884 69 1
6628 62 1
2661 94 1
1987 14 0
6044 73 1
7864 49 0
6493 68 1
1150 49 1
6652 17 0
2799 44 1
8149 61 0
4354 33 0
959 60 1
5990 17 0
6682 27 0
6267 69 1
4561 68 1
5154 62 1
6293 17 0
5021 62 1
7646 92 1
5028 35 0
8941 16 0
3994 96 1
2613 4 0
7005 5 0
